0.840188,0.394383,0.783099,0.79844,0.911647,0.197551,0.335223,0.76823,0.277775
-2.57077,-0.682284,-2.51326,0.529413,-0.191161,0.589468,-1.54007,-0.496477,-0.372178
0,0,1
1,0,0
2,1,1
3,0,0
4,0,0
5,0,1
6,0,0
7,0,1
8,0,1
9,0,0
10,0,0
11,0,0
12,0,0
13,1,1
14,0,0
15,0,0
16,0,0
17,0,0
18,0,1
19,1,1
20,0,1
21,1,1
22,0,0
23,0,0
24,0,1
25,1,0
26,0,0
27,0,0
28,0,1
29,0,0
30,0,0
31,1,1
32,1,1
33,0,0
34,1,0
35,0,0
36,0,1
37,0,0
38,0,0
39,1,1
40,1,0
41,1,0
42,0,0
43,0,0
44,1,0
45,0,0
46,0,1
47,0,0
48,0,0
49,0,0
50,0,0
51,0,1
52,0,0
53,1,1
54,1,0
55,0,0
56,0,1
57,0,0
58,0,0
59,0,0
60,0,0
61,0,0
62,0,0
63,0,0
64,0,0
65,0,0
66,1,1
67,1,0
68,0,0
69,1,0
70,0,0
71,0,0
72,0,0
73,0,0
74,0,0
75,0,0
76,0,0
77,1,0
78,1,1
79,0,0
80,0,1
81,1,1
82,0,0
83,0,0
84,0,1
85,0,0
86,0,0
87,0,0
88,0,0
89,0,0
90,0,0
91,1,1
92,0,1
93,0,0
94,0,0
95,0,0
96,0,0
97,1,1
98,0,0
99,0,1
100,1,1
101,1,0
102,0,0
103,0,0
104,1,1
105,1,1
106,0,0
107,0,0
108,0,0
109,0,0
110,0,0
111,0,0
112,0,0
113,1,1
114,0,0
115,0,0
116,0,0
117,0,0
118,1,1
119,0,0
120,0,0
121,0,0
122,1,1
123,0,0
124,0,1
125,0,0
126,0,0
127,0,1
128,0,0
129,0,0
130,0,0
131,0,0
132,0,0
133,0,0
134,1,1
135,0,1
136,0,0
137,1,1
138,0,1
139,0,0
140,1,1
141,1,1
142,0,0
143,1,0
144,0,0
145,0,0
146,0,0
147,1,1
148,0,1
149,0,1
150,1,1
151,0,1
152,0,0
153,0,1
154,0,0
155,1,1
156,0,0
157,1,1
158,1,1
159,0,0
160,0,0
161,0,1
162,0,0
163,1,0
164,0,0
165,0,1
166,1,0
167,1,1
168,0,0
169,1,1
170,0,0
171,1,1
172,0,0
173,1,0
174,0,1
175,0,0
176,1,1
177,0,0
178,1,1
179,0,1
180,0,0
181,1,1
182,0,0
183,0,0
184,0,0
185,0,0
186,0,0
187,0,0
188,0,0
189,0,0
190,0,1
191,0,1
192,1,1
193,0,0
194,0,0
195,1,0
196,0,1
197,0,1
198,0,1
199,0,0
200,0,0
201,0,0
202,0,1
203,0,0
204,0,1
205,0,0
206,0,0
207,0,0
208,0,1
209,0,0
210,1,1
211,0,0
212,0,0
213,1,1
214,1,1
215,0,0
216,1,1
217,0,1
218,0,0
219,0,0
220,1,0
221,0,0
222,0,0
223,0,0
224,0,1
225,0,0
226,0,0
227,0,1
228,0,0
229,0,0
230,0,0
Perceptron accuracy is:0.761905
