0,0,0
1,0,0
2,0,0
3,0,0
4,0,1
5,0,0
6,0,0
7,1,1
8,1,1
9,1,1
10,0,0
11,1,0
12,0,0
13,0,1
14,0,1
15,0,0
16,0,0
17,0,1
18,1,0
19,0,1
20,0,1
21,0,1
22,0,0
23,0,1
24,0,0
25,1,1
26,1,1
27,0,0
28,1,1
29,0,0
30,0,0
31,1,1
32,0,0
33,0,0
34,0,0
35,0,0
36,1,0
37,1,1
38,0,0
39,1,1
40,1,1
41,0,0
42,0,1
43,0,1
44,0,0
45,0,1
46,1,1
47,0,1
48,0,1
49,1,0
50,0,0
51,0,0
52,0,0
53,0,0
54,0,0
55,0,0
56,0,0
57,1,1
58,1,0
59,0,0
60,1,1
61,0,1
62,0,1
63,1,1
64,0,0
65,1,1
66,0,0
67,1,0
68,0,0
69,0,0
70,0,0
71,1,1
72,1,1
73,0,0
74,0,0
75,0,0
KNN Euclidean distance accuracy is:0.723684
