0.840188,0.394383,0.783099,0.79844,0.911647,0.197551,0.335223,0.76823,0.277775,0.55397,0.477397,0.628871,0.364784,0.513401
1.20728,-0.034229,0.374775,0.418358,0.564827,0.0830395,-0.171669,0.206141,-0.666169,0.174464,0.631754,0.255637,0.823254,0.513175
0,2,2
1,2,1
2,1,1
3,1,1
4,2,2
5,1,2
6,2,2
7,2,2
8,2,1
9,2,2
10,2,2
11,1,1
12,2,2
13,1,1
14,2,2
15,1,1
16,1,1
17,2,2
18,2,1
19,2,2
20,2,1
21,2,2
22,1,1
23,1,1
24,1,2
25,2,2
26,1,1
27,1,1
28,1,1
29,1,1
30,1,1
31,1,1
32,2,2
33,2,2
34,1,1
35,1,2
36,1,1
37,2,2
38,2,2
39,2,1
40,1,1
41,1,1
42,2,2
43,1,1
44,1,1
45,2,2
46,1,1
47,1,1
48,1,1
49,1,1
50,1,1
51,1,1
52,1,1
53,1,2
54,1,1
55,1,2
56,1,2
57,1,1
58,1,1
59,2,2
60,1,1
61,1,1
62,1,1
63,1,2
64,1,1
65,2,2
66,1,1
67,2,2
68,1,1
69,1,2
70,2,2
71,1,1
72,1,2
73,1,1
74,1,2
75,2,2
76,2,2
77,2,1
78,2,2
79,1,1
80,1,1
Perceptron accuracy is:0.802469
